-3333
-1245
-2843
-2737
3833
-1407
-1776
2191
3171
1518
-4192
-4201
-4638
4473
-2497
2783
-2706
1245
2115
 -21
-1714
-1458
-2741
-3032
-4483
2138
-501
-2412
4088
 406
-3098
-3591
-4516
-339
   0
4853
3705
-213
1344
3020
  70
2676
3388
2946
-3754
1373
-4178
4353
2299
-2988
 755
1879
4560
3564
 161
4113
3455
-2798
1812
-4743
4945
 411
3188
 -74
-3619
1198
-250
-4858
-2408
 793
-418
-4808
-2539
-641
3832
-3953
-4387
2968
 -15
-2066
3835
-708
-348
 828
4245
 684
-3417
-2175
4504
-4279
4107
 594
3331
-1424
1329
2325
3670
2880
 343
-734
4046
-969
-2826
3120
-1188
-2566
-1875
-2039
-2788
-255
1783
4104
-2804
3031
3804
1777
4989
1512
3689
 654
4393
-1877
 523
-2953
  67
-2973
1765
1488
-1989
-3871
 271
-1904
3186
-4402
-1031
-358
3818
2264
1531
-1571
-4079
3869
4979
-793
-3138
-4014
-839
-2439
-3808
-2659
2650
2589
3028
1575
2691
 270
2919
-4467
-4333
 857
-2692
3570
-556
-4583
-4902
-3650
3155
-224
4123
2953
4313
4169
-4214
3129
-3596
-4606
2398
3403
-4437
-2574
 651
1871
-3745
-3216
4496
4425
-814
-4756
2671
3248
-4317
-4971
-890
2142
3311
-4813
-3816
 100
-1199
-4730
-2563
-1223
-2215
2037
 300
-1693
-4571
-2511
  49
-1993
-1633
3815
-1059
1079
-948
3557
1097
1524
  12
-3774
-1327
 144
3951
2642
-2166
3877
-265
 883
-563
-4504
-851
-1649
-4128
-3739
 475
-4146
1102
-3527
3336
3786
-1009
-4343
  44
2716
-1812
1078
-1476
-1083
-690
3151
3323
-1830
-3903
-2894
1435
-256
  98
2336
1202
-683
2059
-3576
2117
 266
 844
4865
-3713
1237
4248
3004
-4895
2813
2078
1939
2392
2801
-2621
2683
4619
-2759
-183
3747
  89
-4472
 918
2616
2482
-2927
1697
-2179
-1106
-2850
1043
  90
 645
-1907
4837
1247
-4153
-4599
1779
 506
-812
-3787
-2825
-306
1648
-4668
4651
-2672
1447
 304
-435
1140
-1668
-2682
1590
4997
-1087
-3685
3601
 643
-1047
-1539
 578
3068
4230
3961
-3820
 698
-4620
3796
-3625
 526
-4165
-3911
 553
1850
-4705
1166
-1391
 536
-3945
-2632
-4368
2965
4559
-1364
 381
4190
-3522
-4886
 238
4737
2166
-3052
2512
-2913
-2115
2819
-3355
2107
-1607
-214
-572
4326
-4171
-1559
-4692
 333
  32
3414
4204
-4420
-4818
 974
-2289
4876
-2114
-2978
4076
2329
3002
-2750
2753
1832
1077
-4722
-4074
-3322
-403
-567
4437
4002
4446
 400
-4393
-3289
-770
-4568
-1501
1929
4604
-987
3014
  52
-1249
4628
-565
-4910
-873
3560
-1617
4550
3265
2669
-4941
-2903
-3296
2688
-823
1774
-216
2027
-1152
-3049
2986
4656
1583
3910
-4604
-4662
 925
2247
3514
4903
-1329
-3471
-1299
2757
 751
-3726
-2488
2005
4658
-4745
-780
-4538
-1037
 685
1776
1940
-3236
-1065
-2053
4702
-1997
1423
-3014
-3339
-2469
4605
2448
2829
 -44
2939
-3478
-4072
-4355
1733
-745
4430
-3153
1582
-2368
-209
-3637
-2875
1607
4965
4814
3114
2749
 861
-3017
 795
 875
-1409
-4612
 483
-817
-3878
3356
3706
-2012
1925
-3555
-803
-2308
-949
 -11
4824
-3177
-2227
-2494
-1722
-795
-3490
2387
 -22
-1058
-4047
 939
-2634
-3482
-352
4119
-3872
1869
-2335
-845
3563
2868
4022
-4220
-2433
 919
-4632
3753
 115
-389
2773
-1696
4943
3874
 354
 962
2276
4300
-2678
3741
-364
3572
-878
-2867
1304
2238
-1900
-1122
-939
2422
 484
1087
-1149
-4398
-2545
2019
3660
3287
-688
2426
1766
1837
1069
 650
2924
-1251
1876
-4389
-2570
-225
1619
-283
-3525
-4041
2815
-3273
1968
4398
 910
-1779
 928
 572
4306
-3823
-3224
4718
-788
4994
-2283
2839
2311
3605
-2751
-3927
-4015
-334
 -38
1923
-343
2551
-2979
-4771
2321
1057
 996
-3812
-4784
-4959
3958
-3299
4143
 134
-4442
1593
 186
 -64
 606
3108
-4083
 880
1950
-4435
-1547
-580
-1347
 414
1522
-3122
 825
2854
-1940
2927
 297
2423
2033
 236
3759
-1706
-709
-4232
-4292
1070
-4475
-4578
-1814
2196
-4637
-4353
3772
-912
-1453
3488
1964
1445
 658
3532
-886
-1215
3904
-2280
-4067
 895
-4836
1278
-4911
1124
-2160
 327
-1084
4942
-4023
-2170
-1335
-533
1542
1318
1652
-3888
-4663
1663
-504
1699
-2467
-2969
 752
-1411
-3524
-3557
-1486
-815
4567
3618
-3614
-1021
-3433
 588
 581
1836
 956
 550
 750
2591
-1795
4163
-2176
1363
-1834
3181
-2949
-3929
1117
-4104
1157
2178
1473
2419
-4349
-243
-968
-3371
-3874
1144
 426
2870
-447
-3998
-355
-1437
-1941
 287
3892
 274
-347
2963
3207
-1575
-4517
-908
 425
2346
1242
-3842
-3866
2644
2958
-2802
-1097
2658
4838
 862
1946
3390
-3366
-1079
-4450
4094
3110
3189
-1811
-4598
2429
2161
1397
-4337
4968
-1124
3754
4385
1209
2601
4585
1374
-4559
-1113
-1141
-3485
-587
-1423
 262
-1306
1724
 573
1284
-3744
3018
4197
-1882
4284
3610
1484
2698
-540
-656
-2593
1126
-2994
-2774
4302
-1721
1818
2402
2970
3352
 794
 582
1957
2255
-4451
3999
-246
-4139
-1805
2055
-3148
2532
-2118
  36
-1949
-2418
3981
-3021
-697
3294
-3227
-3454
-3923
-4260
-687
2792
-4090
-2041
3227
-1121
-1029
-350
4146
-1919
4573
-4489
3613
-3343
2912
-2127
2295
  18
2899
 676
-4735
2903
4624
-3705
1302
3683
3306
1342
-1962
-4155
1596
4475
1750
3256
1744
-3995
4972
-3974
4460
1249
2045
3591
4537
-847
-1518
-342
3978
-1278
2040
1568
 722
-2805
4176
-1108
 361
-3447
2572
4939
3289
-3295
4030
4233
-4106
-3476
2905
2128
3293
1758
 555
4226
 158
-598
1185
-4188
-1807
 575
-3156
-3517
2285
-1102
2041
-2287
-4870
-4952
2522
-4987
2257
-1045
-353
-3839
-4190
4806
-4164
-2997
2475
-1069
-2792
-331
3603
4216
2430
2371
4443
2621
3393
3664
-2522
-2947
-320
4714
1331
3657
-4805
1552
4308
-4257
-4613
-2355
3930
-1356
 116
2910
-4507
-1503
-766
-2636
4957
-139
-4518
1178
-4795
-671
-442
3703
-2402
-4168
-4372
-4991
2665
-1440
2787
-4075
3814
3621
 653
-4258
-2817
-2218
4918
3250
-3361
-2233
-4464
-927
-3113
1675
-606
4037
-4732
-698
-4385
-4978
2859
4328
-1158
 775
-4968
-1213
2120
3452
2575
-2304
1706
-4679
-2974
 490
 228
-3271
-1168
4799
1958
4699
-4919
-2650
2724
4512
-1126
-4099
-399
4450
4394
-4238
1243
-4972
3503
3888
-2916
-607
2533
-3930
 949
2307
-433
 373
-4448
-1420
4135
 331
4632
3468
-1290
1508
3394
4252
-3926
3041
-3877
-132
4518
3126
-4690
2722
 472
1736
-634
4182
-3885
-2515
4066
 -19
2317
2952
-2742
3382
-701
-979
2866
-3358
-1368
 192
 739
-500
-2531
-4974
 220
3554
1263
-3683
2492
-3450
-909
4223
-483
-3794
-1741
 626
2186
-870
4130
-4107
-1007
3196
-2004
-4077
-492
-1112
-1110
-2970
2075
1020
 568
-3512
-394
-4320
4224
3467
 385
 208
-1268
2734
-1013
  95
 950
1907
3234
-1057
-2312
-2992
1211
3991
3495
-3760
-2725
1917
-3397
2561
3328
-2345
-1125
-4776
3805
1913
3307
2977
-1480
2320
 214
4036
3346
-2489
 -78
-2148
-2983
4100
1507
2244
4469
-3269
-4891
-315
3449
-785
-3025
1505
 763
-933
1174
-1068
-3350
3823
3647
4634
-4111
 252
-4997
-2294
 846
-1967
-2401
4590
-973
-1685
1325
4357
-4764
 848
-2147
1457
-3694
1375
-2642
4405
2737
-3077
-3013
3988
-285
-802
 782
2132
1420
 867
-4115
-410
 657
-4602
 -25
-248
-1317
-4035
4024
-4325
-372
-3146
3430
1891
-2758
4563
1515
3607
 -28
-114
4861
-2248
  40
-3855
 349
4467
-2419
2459
-4247
-2122
3782
4236
2755
2099
1312
-2504
-643
 353
-958
2579
-2704
-335
-4281
-512
4361
4662
-2899
 -95
-1848
3525
-4456
4603
1162
-1711
-1583
-3107
-3544
1821
-4307
 250
-3219
4171
-1498
2256
  97
-1513
3868
-1574
3640
-1109
-3412
-167
-4122
-2092
2677
1789
2237
4846
 721
2538
3149
3531
3166
4059
1370
-3078
3529
4133
4549
-3054
-2459
-966
3923
-2203
-1528
4858
-603
2463
 439
 -99
 171
-906
2042
-102
2729
1866
-1274
 216
2648
-4502
2207
4261
 926
-147
-2633
  94
-2120
-2239
-1131
-3065
-2922
2416
2218
-1095
1139
3567
4042
2407
2638
2969
2223
2318
-2543
-3430
-3332
4599
 101
-4512
-615
3627
-4268
 137
-2767
-4712
-1541
4566
-1343
 170
-4105
-4131
-4841
3046
3597
 345
 487
-930
2543
2334
-3015
-4647
-2856
  56
-2465
2388
-4577
1530
 273
-3353
3499
2374
3095
-2734
 -43
  83
-2877
-1002
-1566
-1843
2699
 311
-2047
-1096
1125
1586
4946
-626
 512
2811
-2757
3834
 156
4397
1383
-4966
-4671
-809
-3922
-3344
4901
1514
-1252
4654
2888
-3758
-1048
1113
3817
-4255
1896
3324
4453
3147
-2297
2895
-2466
1040
-974
1877
-3501
-1869
-3058
1677
-4687
3942
 -73
-164
2779
-2351
1063
-2413
-1550
4141
-4084
-123
1772
2989
-2815
 704
-1870
3550
1227
 947
-4587
-3456
-1433
-1563
-2431
-894
 405
 452
 852
1100
-2709
2928
3825
2397
  82
3859
-1948
-2334
4495
1701
4845
2877
2828
-2240
3604
-3441
1048
2291
-2034
4691
 104
 705
-2869
-4474
 401
2988
 177
3902
-1991
-1452
2848
-2525
  10
  38
-3320
-4283
4503
 298
3638
-4200
-997
-2204
-3617
-4360
-2744
-4666
2312
4307
-1028
4234
 744
-857
-2923
-4174
-1906
-391
-2721
1453
4150
-592
-4944
3169
4515
3608
3956
 616
-402
-3083
-3740
 585
 736
-1984
 707
1918
4985
-1842
3824
-3944
-2616
-4382
1578
-4224
 567
-3479
-645
-4669
-4594
-4236
3641
-480
2802
1110
-367
-2445
3844
2954
1203
-4500
 288
1462
-4342
3901
3565
3829
-1692
3969
-4537
4000
2236
4576
4827
3111
1659
-4278
2961
1543
-1988
1948
 535
4488
3766
2647
-3761
4835
3435
-4843
-3661
-1234
-484
4448
2862
3138
-3091
4834
-3675
-4815
4193
-1656
-2661
-2675
-1428
2292
-3389
-1468
 167
-3190
-1672
-2184
2259
-1318
3398
1676
1728
4755
1623
2159
-115
-244
2858
-4940
1684
2901
1317
-1143
-1822
1324
4289
-2578
 482
4086
 525
-349
2983
-1277
-3982
1739
-1532
-3443
 162
4674
1781
-1050
3087
-1946
4466
-611
-2646
3170
 561
3048
-1596
-4781
-1036
-3620
-2775
1707
3648
-3508
3040
3548
 293
4720
3639
4973
-3259
 227
-428
2339
4810
  15
1716
-2780
2357
3373
-3342
2517
-4344
-2533
 911
1037
-2077
-3035
-2247
  19
4497
2193
-3580
-101
4623
-4734
-4100
4899
-2462
 903
-1403
-4984
4828
4696
-3170
3347
 289
 920
3538
3050
3255
-2463
4304
4852
1017
4265
3421
1385
  11
-3087
-1357
-4525
-1237
-450
3264
-4629
1467
-3349
4781
3947
1679
2781
1269
-719
3534
-2137
-1957
4964
3462
-1778
-1960
1398
4127
2838
 409
2645
2907
4400
-3390
 131
4175
-1526
 136
-2835
 332
3972
1609
-3325
1624
1392
-1218
2653
-4738
-3892
3909
1205
-1338
-2197
-4677
-3991
2909
4331
2495
-4814
-1833
-2524
 132
3928
-1264
 315
3332
 574
-3631
4374
-3618
-867
-157
 580
 625
-3229
 622
-4767
-1063
-2460
1910
4458
1548
-3416
2537
-1375
4638
-3460
 369
-2847
-1527
  26
4600
-143
2935
-3797
2180
2668
-4963
 310
1308
-1760
-1001
-618
4933
1829
  23
4937
4040
-1282
-3160
-2697
-1383
  81
3723
3568
-3356
-1694
2793
2324
-4357
-3439
 443
-3376
-4423
 182
-2880
2525
-1675
 599
1411
4671
1702
-407
-4208
1461
1686
4889
4128
4419
-4102
4368
-2731
4598
-4943
 -55
4754
4896
  47
-3470
3005
-1936
-1322
-4749
 835
2864
2095
-2701
-2962
1629
-3511
-3438
-263
-390
-978
-4339
 876
4172
-2853
-1639
4195
-3584
 646
-109
4218
3161
-3757
2798
-1145
4514
-499
-3411
4813
2047
2966
4480
-1590
-4143
1414
2748
-1841
2971
-818
 261
-4114
2443
-2090
-2437
 687
-4654
2555
-4977
-702
-373
 798
-3889
-3290
-4506
4399
4712
-1242
3412
3364
-2582
1709
2262
-3079
 -35
 275
-2357
-790
-1913
1006
1769
-2245
1665
3555
-1818
4715
2584
-3530
3071
-931
-3085
 -14
-2057
2959
-4773
-4958
  29
-1250
-609
-2054
3953
3792
1931
-171
4990
4885
-4239
-957
3717
 444
2273
1361
1146
2898
 163
-3380
-3802
-3798
4487
1546
-3070
-696
1599
-3921
-2937
-4520
-2430
4105
-1353
2354
4240
-591
1355
-3936
 393
1591
4108
2718
4911
-1520
 145
-4311
-2585
1262
-524
 268
2810
-3378
1458
 -79
3291
1880
2639
-3408
-3899
 501
3536
-1091
1930
-4642
-378
2490
-3221
-2717
3918
4099
-2079
-4184
1632
3134
-1922
-4965
3339
-1517
1130
2732
-4492
3746
-2192
3594
-1023
4364
-271
 267
-2438
4038
 724
-2727
3085
-3569
3379
-319
-3800
1213
2409
4562
-1183
-4176
-3963
-2555
-2926
 958
4199
 557
-1821
-4645
-4157
 179
2057
-666
-2098
-1593
4701
-4640
-3184
-4634
-3185
-2318
3385
-3908
1798
-4315
4999
-1713
-1787
-4395
-3515
-1086
-1529
1557
-458
3725
2744
4165
-1198
4552
1732
-2966
   7
2454
3406
-1211
-2392
1704
-1257
-1176
-1620
4384
-313
-3777
2728
-4202
1873
3506
1691
-3577
3327
-3238
4210
3756
4485
-3199
-550
4347
2496
-1850
-3425
4554
4498
1956
3173
-4276
2441
-4245
-3401
-3157
-3424
 778
3773
3712
 422
-4081
-2649
-1926
2697
4953
-3946
-4032
-1105
2693
-4702
1919
2741
 207
-1396
-3994
-2109
-3252
4060
-2291
-2241
2450
3349
4349
4614
-538
-2964
-2934
3764
-1071
-4038
1852
-4550
 598
3922
3765
-3935
-2449
4337
-1271
-3115
-3554
-608
4886
-4742
4880
3365
1682
3124
1864
2077
1403
 423
2547
-4892
4574
3558
-4897
2208
3257
-863
 831
3523
-1910
 500
4581
-883
4494
4536
  84
  65
-2808
1314
-4770
3019
-1255
 889
-301
-2537
-3566
4432
4978
1862
-2456
-3423
4114
 655
-1594
2391
2028
-911
-1638
-4934
-432
-1101
4510
4521
 863
-3535
-2224
2550
3976
-888
2836
-1119
2557
3491
 -92
2914
3353
3878
-3952
2619
3453
-1643
-2028
-4271
4095
-539
4771
-2244
-3801
-3859
4770
4484
-3734
2197
-2232
2498
3675
-4421
 690
3266
4773
-1388
  31
-1431
-800
 708
-4928
-1615
-1902
1179
1735
-2075
 198
2613
-4545
-161
-1304
-2643
1792
3056
-4399
 891
3890
3167
-1560
-4370
-838
-4786
-2647
3210
-4774
2337
-4486
-668
3609
-1436
-2151
 328
1809
1680
  33
-3413
-2896
 -87
 292
-672
2840
-1483
-3309
-2006
-516
3132
4766
 976
-2261
4149
 152
3913
1275
1604
-4862
-434
2711
-4531
-2960
3625
3889
1180
-849
 421
2612
3551
-1189
3927
 197
-2421
3251
-2342
-3351
-713
2198
1751
2560
3011
-3031
-2346
3545
1311
-200
 141
1353
3152
1027
-3770
3411
-4552
3500
4205
-4407
-758
-3418
3974
-2231
4862
2956
4396
-4961
3490
4808
3157
2897
2646
3355
2934
-2569
3401
 652
-4013
-784
3128
 -83
-820
3159
4815
3487
3693
-3126
 558
-254
-2339
-2196
4083
1696
3732
4134
3762
3315
-2730
-774
-151
1941
-1178
 583
4329
1003
-2475
 470
-3200
4160
-3103
2134
-2700
-160
1870
 740
-2854
-2071
-885
-3958
3433
-2427
-2251
-1657
 357
-4321
1608
3220
 469
-1558
 231
-4454
2400
-801
3239
-3635
4870
-4088
-1955
-2300
-1618
 993
-921
3477
-4665
-2887
3519
-3880
2553
1849
3424
4162
-2185
-2562
-1446
2874
-2013
 633
3750
-4706
-1810
-3695
2250
-4852
2692
3190
-2201
 142
4778
3948
 494
 732
-4328
 991
-400
1661
4185
2610
4667
-920
-3428
3611
 191
 245
-1171
3285
-1413
-4768
-2651
-551
 504
4319
4776
2087
-2256
3135
-4755
2678
-1888
 530
3375
1995
-917
2951
2271
-4514
3914
3658
-4025
-3783
4734
2379
-2325
-3261
3247
4438
 954
-1489
 678
-4341
-4554
 173
-3957
-1796
2539
-1683
-2859
-2590
4322
-1773
2751
1022
-2121
-1262
2964
-2778
1257
-546
4729
 842
-473
1056
-855
-601
-3641
3634
-4218
3359
-1580
1710
3592
2058
2984
 234
-1197
3983
  78
 184
3472
1366
2949
1899
-4028
  42
-3042
4297
-658
-2353
-4470
 780
-557
-4496
-4477
-2375
 924
-559
-1804
1840
-2180
-1275
3691
2752
1199
1516
3894
3191
3026
-1898
 395
-421
-3001
-4394
1738
-122
1401
-3315
-4316
3081
-2874
-4430
-2889
 790
1182
 738
3333
2494
-1840
-4087
-4720
3093
-2086
-1484
-2286
-1813
 898
4751
-2007
1133
 981
-679
-3101
3788
4900
 785
1233
-3377
-4990
2640
1942
-1876
2350
-2199
-4975
3881
1717
-1067
3685
1494
-4616
4006
 564
3617
 907
-2273
3376
-824
-366
-3172
-1288
-4318
-459
-4167
-1272
-590
-1006
3931
2013
-4823
 -88
 786
4666
-4788
-3587
-747
-2157
4316
-1115
4709
1281
3458
1668
1529
 881
-4481
 -82
-1944
 710
2014
-3203
-804
3178
-3155
 746
 294
-3419
-596
1219
-2726
1719
1669
 818
2243
-1942
-1945
-3723
-776
1228
-2409
-3540
  27
3154
3224
-718
-2447
4970
-1495
-2673
-2946
-1449
 609
3651
-2534
1672
-3183
4010
3695
-3624
2177
-2029
1808
-2683
2308
-3556
-828
1839
3602
 838
 731
  87
1748
1469
 -48
-4567
1009
1119
-1789
2301
-1704
 821
-149
3776
1463
-2301
4830
-3844
4992
1842
2606
-4750
-4534
3038
4627
2852
-2435
  -2
1662
-4868
4732
3498
2565
-553
-1161
1008
-4628
 383
2399
1481
-383
-2340
4092
-753
-4707
-2807
-1077
-1719
1721
-4802
-4056
-3536
 767
-1619
-177
2145
3654
-3472
-3225
 397
-3976
2894
-561
-4683
-2800
-1855
1947
3197
-4636
1138
-3293
2738
-4384
2050
-3372
-1478
2144
-1648
-466
 955
1408
-4119
2370
2162
1195
 768
-2587
 968
3213
2628
-3553
-3821
-1974
 306
-4970
-444
4561
-892
2930
3694
3666
-2660
 699
2542
-134
1046
 638
-4263
-3341
-3465
-2597
1922
-4085
-1246
-4269
-4674
2520
2723
2770
4938
1510
-3250
4733
-3393
1981
2054
1806
 992
-4976
-4040
-2863
1161
4373
 734
-4716
-218
2675
1823
-2781
-4003
-2113
2073
 563
-119
3434
4785
 841
-4608
 226
-1540
-976
2168
-764
-2768
2661
-1074
 946
-332
 601
-4579
-4622
-3124
-3805
1165
2695
 897
-3492
-2107
2700
-3633
1123
-1326
-3133
3729
4881
2359
2446
2623
-3493
-1621
1399
2061
-842
-899
2739
2759
3852
 473
3967
-3696
2902
-1233
-1259
1819
1904
2549
2518
-3283
4987
3158
1084
-482
 -67
2715
2024
4833
-287
4809
2786
-1208
-3110
2594
-3860
-624
4635
-1075
-4757
4513
1443
 495
3240
1708
-155
4447
-2373
 634
-3206
-3924
-4556
-1005
-2081
2891
-4095
 539
-928
 -26
-4428
-2606
1465
-3340
 254
4747
3997
1790
3908
-4397
-2168
-3285
2916
-4388
-1845
 729
1276
3574
-1064
2603
1255
1268
1767
-2253
1332
4275
-4064
-3270
-789
-1206
-4229
-3130
3407
2726
-3940
 840
-284
-3431
-1314
3665
-488
3066
-4049
-3092
 376
 367
-1024
3402
1822
2799
-837
-996
-2386
-4899
3249
-3799
3136
-3925
-2676
-4907
 415
-2021
2110
-4177
4882
-3284
3635
1625
-891
-1651
4062
-3942
-1046
3457
4288
-1835
 390
-2588
 451
-1809
-1894
-1500
-2372
-189
 278
  -9
-127
-4601
3033
-3605
-2424
 255
2918
-2154
-1585
-831
-2276
-395
-2138
-2612
2707
2072
-1228
-3906
2926
4677
-2444
1658
-1915
-3414
-1412
4607
-3330
2158
-760
-2183
-202
1073
-3120
 528
3485
-2328
4874
2844
4959
-1422
3630
2478
2348
-3251
1295
4338
-1973
-729
2457
-2909
-312
-185
2790
-2235
3940
-3939
 477
-1707
-3394
4640
 886
 180
2708
   6
 632
 399
-1771
4470
-3520
 900
-4010
1742
1587
2439
3739
-3287
2433
4643
-142
-3348
-184
 -27
-4572
-779
1023
-3276
-2048
-440
 -65
-3649
 576
1448
 350
2017
 109
-716
-3346
-4108
-2870
-3038
1190
2820
1381
-207
-929
 380
-4479
1437
4829
1562
-1999
-2583
-2414
-1703
4301
1089
-1794
3527
3744
-1127
3428
1703
-2067
-1441
-3218
2713
-1385
-1359
3319
-588
-3150
4774
-4526
3466
-4548
-876
 384
-416
 837
2253
4661
1622
-3173
-3746
2717
-1935
-2237
-4297
-2514
2328
-2432
 424
2136
 856
3943
-4953
-2333
-3900
-1681
-2681
-451
-3396
-1889
-864
-889
-612
-1248
4500
 324
1261
-4093
4507
-2766
-3338
-2921
4805
-1763
-461
-182
2999
-3886
-2550
-3475
-3724
-1819
-4866
 692
1532
-2724
-4356
4644
-3660
3624
-1853
1000
-2693
3504
-2941
-581
2806
3925
2837
1714
1636
-359
-1893
-2458
1303
-3302
4762
-4042
-3845
 114
-3055
-4603
-2091
 253
  69
-3891
-2968
1122
-4002
-1230
1068
1954
-1305
-2644
4849
-2025
4611
2972
-251
2627
-3948
 257
-1172
4698
 720
-570
2287
2474
-1928
1509
 593
3848
3851
-3666
1610
2797
-2503
4860
-460
-768
1143
2679
-2165
-3063
4893
-1624
2624
 769
-628
-3503
1547
3064
3232
2488
2233
 552
-530
-4261
2515
-4004
-4103
-657
2588
2235
1656
2670
-3149
-4863
-3382
-3636
2764
-2998
2414
4753
-153
-1564
-365
3847
3408
-227
3784
-865
1912
-529
2857
-3211
-2713
-1017
-4198
4423
-1720
2390
2472
3898
3371
 392
-2663
2995
2071
 371
-2790
3882
-1334
2942
2442
-1203
-4379
3450
2991
4588
-162
1513
4910
-1187
2681
-1879
-4703
-1849
 791
-3646
 135
-3810
3194
3059
-3893
3260
4287
1963
-1923
3471
2527
4004
-3114
4258
-2477
4164
3013
-199
-3327
-573
-4562
-2841
4960
-3125
-3698
4650
4707
1364
 222
-2238
-4832
1533
1499
-2836
2421
-4351
-2177
 181
-4623
-3497
-259
-2656
3684
-3263
3965
-2194
2576
-3615
-4816
-3996
-1123
-1899
1478
-3082
 364
4509
-1544
 937
-446
-2684
-4009
-2785
-3402
3808
-3034
-3241
-2714
3192
-3796
  46
-3579
 556
-4137
-2828
-1801
1256
-844
-3137
-4840
-4869
2094
 986
2762
-3677
 587
4748
-498
-3741
2599
   5
3790
-4098
-4324
-3725
 590
-1051
4050
-4199
-3381
-4163
-4029
-935
-3154
2937
-1826
-278
 -39
 209
-1588
-2010
-392
-3102
2536
4909
 571
-1856
2365
1088
2206
-1595
-959
1973
3160
 476
4544
1797
 666
-415
2993
-3072
-1755
2246
-226
4021
3172
-722
-1523
-426
1713
3354
4854
-4641
3709
4045
 196
1221
3118
1223
4380
-2669
3727
-4509
-3243
-2327
2630
-3747
1567
-4828
1992
1096
3864
3775
-4595
-1494
-310
-1612
4940
-711
-2405
1338
-3175
-3769
4091
3185
-3818
-1961
-1947
 434
 758
-135
2270
1827
-3514
4669
4606
-2527
1987
4493
4531
4675
-2385
-2830
-4656
2249
-2406
-1660
2682
-1764
-896
4914
  13
-4853
-2442
  74
3116
-1328
4719
-2222
-1287
-110
 301
   1
-1914
4923
-333
3195
4642
-2560
-2625
1482
-170
2941
-2806
2137
-759
4608
3302
-3143
-2150
2375
 183
2776
-3281
-834
-4951
3819
-1030
2733
-3965
-2995
-456
-4659
4530
-717
-2688
4975
-3436
3344
-1642
-3529
-965
-3480
2394
-675
 935
-3041
-869
-2473
2761
4407
-3240
-3140
2083
 398
-940
-4558
-2496
-1194
4381
-2787
3677
2096
-913
1345
-3897
1816
1761
-3611
-2905
3091
2118
1187
-2948
-1702
-2130
4315
-242
3822
-2352
-2299
3262
-1344
1600
-4413
-2069
-4147
2225
 117
2001
-4723
-1235
3855
 513
-1640
-203
-1469
-3046
2210
1095
 187
-2260
 709
2241
-481
 866
-4822
-631
-798
-107
-4950
-2685
-4427
-1471
-2398
-2271
-4729
-763
-3045
 440
4711
-1301
-3792
3470
-2395
-2878
-3657
-4945
3932
-1398
3258
1024
-882
-3158
 317
4078
-2059
-4140
-2093
2386
2232
-1630
 185
-275
-3362
-3954
1270
1898
-3167
-1181
-2971
 823
1846
-1177
-4059
-4314
3049
-2638
-1715
2921
-2931
1834
-1557
1010
1673
2067
 642
3646
2884
2980
 -34
3509
2504
-4173
 682
1667
2393
-2501
2632
-4625
-4689
-4068
-3541
-2106
2022
 969
-3857
-2893
-4445
-304
-3681
3047
-1797
-3626
-3257
-422
4343
-4988
4780
 460
-4854
3338
-4476
 -45
-1676
 165
-1749
2822
1292
-2821
-472
3337
3274
3606
-2686
1170
 663
-2559
-3084
-2400
1545
-2939
-1154
4271
3501
-3828
1183
-2455
 -60
3122
-602
-238
4956
-1276
4791
-4769
-3575
 120
-2822
3299
-2667
1421
 224
 277
4145
-1886
1803
1784
4445
-330
4717
3070
1052
-2904
4872
 -81
4071
-3141
4736
-4924
2526
-2745
-2842
 864
-4230
3906
-4206
1065
-3420
-4649
2922
1755
 323
-3117
 927
-2265
2420
-2508
4812
 668
-1581
2554
2213
2566
-4527
 118
1859
1033
 819
-509
-4265
 454
1988
3288
-3738
-1674
-3291
-1791
-3474
-3727
-4330
-1265
3939
2823
4001
3589
4700
4926
-950
 661
2221
 303
 263
-3898
4411
-4521
-664
2635
-3169
-2848
3395
-2210
-4758
-932
4449
-1556
-3226
-4650
-4305
-3752
3799
4925
4529
  22
-633
1654
-954
-4329
2923
2038
-2703
 847
 520
1969
-1116
-3658
2133
-2771
-370
3875
-3969
-2702
 140
 -41
-1491
-1710
 510
-4908
-2156
-4109
-3868
2979
4019
-1808
-898
-4076
-3917
-3139
-2510
 -31
 -80
-314
2437
2226
3404
4948
-1291
4622
2260
-1361
-3208
-937
2384
-4698
-2618
1159
4856
2915
-4860
-152
-3968
-604
1327
-4026
2434
4335
-1549
2240
-1553
-2557
-3862
 511
-2190
-689
 764
3348
3392
-1267
-862
-685
-3932
-3549
-193
4351
1486
4783
4220
4365
-3398
-2906
-4043
1541
3314
 474
4395
2009
 982
2108
-4465
 979
-3721
-3564
2228
3789
-1435
-1506
-3613
-2833
-1269
 -49
-2158
-4672
4823
-174
-1414
-3189
4871
-1442
-4066
-3827
-741
 138
 899
2385
-1316
3768
 229
-1625
-1705
 799
4268
-904
4215
-4555
1226
-1225
1299
-3676
 -97
 205
2782
-3292
-2845
2843
-1543
4016
-181
-829
4728
 737
-3074
2413
1404
4686
4759
4285
1855
-408
3590
-2824
-816
-2135
1588
1938
1615
4481
 730
-1584
4227
 387
3707
-1836
-2776
-4611
-288
-2347
 341
-1686
 211
3436
4008
 223
-2551
1191
-3294
 665
-1186
3771
 541
2834
3199
-2552
4320
2187
 358
4463
 374
-2080
4154
 604
3522
4247
-3187
-4412
-2391
   4
-517
-2628
 -96
-282
-1054
1528
-1401
2973
-3162
-3311
-1402
-970
-369
2817
4818
 279
-2056
-1217
3505
2772
-2823
1747
-4024
1914
3836
-4648
4415
3521
 107
4406
-239
3751
-4403
 -89
-4354
-4819
 130
4131
-3363
-4614
-2819
2605
3067
-1336
 972
-1505
 269
-2529
-4635
-4596
-3712
2165
-2600
3820
-3791
 265
2088
1606
-872
 800
-4462
-4926
-1551
4826
3426
4295
1888
 325
-1953
 914
-4780
 119
1874
-1371
-1229
3072
4167
-3832
1215
-1589
-1964
 -16
-1743
4543
-3582
-576
-630
-4798
3857
-2457
4200
1171
 103
-1219
4418
-260
-4112
-2523
-676
-1207
-773
-4034
 673
-3071
-235
-2020
-455
-2708
4209
-4848
-1511
-1389
-1004
2188
-273
3556
2418
-4791
1975
-4019
-3645
3730
-521
4612
-2631
4722
-2338
-560
3797
-4973
-371
-316
-4380
3119
-3301
-3863
-2528
-4914
-998
-1971
-2470
-3011
3127
-4948
-2564
-4917
-3027
1127
3444
 -40
-1236
-1802
3569
-3762
-1632
 283
1248
-4488
1740
-1467
4044
-4044
-3999
4426
-3795
-443
1393
2169
1920
4708
-4980
-1332
-4563
 711
-341
 122
4741
3803
4679
-4169
-2307
-3277
-605
3520
2424
-840
-1514
3143
-4839
4929
1674
-1492
-3702
1982
1328
1614
4526
-534
-2627
4596
-4993
1310
-3835
4761
2846
4029
3415
-4375
1260
-1816
4725
3413
2714
4225
-4826
  14
-3616
-1772
 447
-1331
2265
-1747
-3500
4032
  -5
4792
3238
3862
-269
-905
 337
 402
-4615
-714
 465
-4377
1196
1645
4655
2510
-4779
-3753
-457
-345
4653
1550
-2500
-3193
2277
-291
-3445
2031
-836
-794
4981
-1224
 313
1527
-1572
-478
-727
 885
-108
1936
-981
-1846
 659
-2017
-1930
1521
-4633
1500
-3047
 961
 215
-4125
3335
2875
1637
1163
-4982
-3112
-600
4318
-2270
4641
-166
4017
-923
1002
-2764
2428
4003
-4631
1897
3578
4186
 932
-4065
4332
3410
 762
3298
2940
-4957
4928
 884
3686
-2055
-684
4436
-159
-3847
2821
2493
-1709
4571
-2541
-1768
-1296
-1490
2936
-3884
4468
4706
-336
-2100
4428
 610
 718
1323
3612
-682
-3603
-544
-344
4767
-3905
-1425
-993
 441
-1060
-1330
2578
-3610
-1209
-1408
1756
-4544
 941
3271
-4152
-4309
-936
-4501
-1092
-2516
2381
3246
4345
-4905
-3129
2048
-1679
1452
-3883
-3736
4483
1618
-3399
1406
3374
-4831
2826
1780
-2576
2278
-757
4843
1794
-3833
3526
3728
 566
-3819
4360
 607
3722
-2036
2039
-2076
-859
-3105
 509
-3606
-4183
-253
3905
-4900
 284
-4416
1844
3440
  88
 647
-4497
-2809
-2195
-4999
4096
-629
-1712
 728
-3464
3872
 339
-1598
3593
-1688
1511
 372
4966
1571
2607
-1799
1815
-3282
-4253
3215
-2396
1390
2604
3016
 518
3448
4334
3216
3831
 -23
 591
-783
 681
2309
-3163
-1358
-2718
4386
-2024
-1434
2976
3873
1915
2261
-4371
-4050
1348
-241
2710
-2710
-2689
4652
 537
-2126
-733
1086
-3166
-1969
-219
-1429
1019
 959
4109
3581
-574
3517
2302
-4657
-3623
  54
4779
-3644
2203
-1129
 193
-112
1953
-4855
1112
3164
-2602
 945
-3526
-511
-3779
2000
1813
  93
-653
 188
 244
 391
4254
-2434
  -1
3316
 853
-1629
-2362
3742
3944
2466
1300
4378
-4350
3573
 836
-3165
 521
1970
3731
 488
-4290
-637
1718
 -18
-707
-4369
-4000
-703
-4676
4907
1863
-2337
-491
-4469
-3629
 696
1489
-2652
3024
3749
 839
-3565
-2810
-1769
-2242
3687
4749
3279
-4299
 124
-3392
2684
-665
1382
3752
-3178
-3561
2121
1217
4377
-1415
2470
-797
2994
-2886
 248
-1185
1642
1274
-4234
1523
-3573
-3574
4055
-4011
-922
-2225
-1966
-4373
-4151
3283
-2125
1090
-188
-3970
-3317
-2200
-1298
 516
-3403
-3033
-621
1526
-2016
-2000
2876
4454
4206
1921
3713
4803
 272
3443
-914
-583
1905
-1418
-3547
3839
4159
4788
-298
1044
4451
3830
-2228
4097
-261
1754
 741
4844
-1307
1805
 994
2323
-4434
-4827
4617
4723
-4539
1493
-452
-4947
-650
3156
2825
2172
-4422
2090
3086
-866
1186
-2303
-3598
-2613
 -63
 -72
-3568
-1286
-2454
-1952
2590
-822
-3887
 113
2775
-2139
-662
-2404
2351
4363
3566
-2568
4007
1339
 921
2809
-125
-4381
 -86
4995
-1256
-180
 519
 940
-1698
 589
-1000
4009
 -94
2929
-303
-2379
-3440
-3692
-1744
-3009
-3682
2360
2202
-4576
4793
-3678
-3458
4416
 -77
-4053
-1140
-2495
-1337
4346
-1216
 -56
-4969
 915
1045
2998
1222
-1404
 726
4988
1801
2477
-3097
-2480
-1970
-3748
2620
-1736
3678
-4293
-146
4636
-356
-1098
-4856
-3360
-4565
 640
1175
3146
3277
-1169
 562
3676
-599
-1238
 360
4927
-4643
4283
-4319
2667
2856
 600
4524
-1460
-4888
 570
-4569
-4884
4125
3760
2465
-2920
3690
-1033
-640
1147
1477
-2577
3144
1434
3055
-4792
3941
-1134
-4362
4075
-1911
-4903
3977
-835
-2493
-3337
2224
-1479
-750
-4418
 370
1155
2304
4888
-1533
-3026
 943
-3298
-3864
2869
-1374
 461
3253
3757
-4404
1497
2818
4977
3245
-3473
2883
1955
2056
1153
-3048
  45
-900
1066
 123
-1227
 280
-3030
-3972
-1650
-1644
-3528
  53
1136
 892
 810
2230
  25
4392
1782
1685
4136
-537
-1570
-140
4758
4452
1418
3361
1229
2076
2622
1028
-2999
3290
1235
1932
-4733
-3457
4944
2996
4074
-379
4383
-1880
2546
-424
-1602
1989
-4797
-4345
-4212
-4097
4121
-522
3083
-4335
1617
3546
 -24
3656
2389
1341
-1892
1384
3502
-3260
3202
1189
4678
-3196
 201
-1273
3228
-4185
-4376
 404
1290
-3728
3281
-739
 901
-2258
3582
 995
1409
4217
2479
-3663
2652
-2942
-1399
1241
-2668
 723
-4254
2595
 938
-4419
-4561
4222
4684
1061
-2296
-2917
-4129
-2615
-4551
1001
-4617
2524
-1641
1553
-4400
-1454
2853
3915
-2255
-3061
 524
-103
-4697
-3279
3632
3030
3735
-4655
3960
 365
-1738
-1750
-985
-2611
-2178
-3628
-3467
1984
2293
1695
3854
-1462
3058
2570
1273
3588
3579
3261
-4310
3801
1681
2152
1967
-3519
-406
4742
4063
-2639
1091
-2885
2021
3389
-4240
2183
2471
4807
-4142
-4799
3139
 -46
1693
-169
1894
3309
4170
2382
1804
-3202
-2022
-4031
-4272
4555
-1303
3078
4388
-194
2662
2865
-4432
-413
-1052
-387
-926
-1601
1581
2044
 466
-4120
4246
1013
4936
-2858
 936
-4219
1267
-1908
1911
-2407
-924
1005
-3990
-1774
2832
-2336
2611
-2479
-2573
4221
4207
-4363
1412
-4838
2534
 845
2900
1799
3481
 834
-1212
4884
4811
-1636
3515
 -68
3445
 565
1811
-3643
-3018
-4809
4073
-4510
1200
3292
-3186
-4365
-943
-4340
-1088
-3395
2411
-860
-2330
4441
3380
1456
-2839
3386
  68
4471
-4994
1572
-3435
-3405
-3265
-4235
-4426
-2116
 860
-1430
2468
1129
3296
-1864
-2608
1076
1074
  60
-4408
-4332
-4082
-3022
-186
-4682
3318
1258
-1592
2283
-4714
3042
4525
-3920
4424
  -4
-4564
-1645
3867
-2512
3537
3720
-3477
-2171
1916
4782
 129
-2753
3743
 714
2012
-3583
-3776
1041
4784
1506
-3732
-1862
4935
-1924
1502
-2095
 712
3840
3785
-3427
4969
-3788
1417
3559
3528
-4931
 320
1158
-4804
-2723
-3182
 909
-2038
-2206
 702
-2918
-363
 467
-4699
2731
3827
3986
-3534
  86
2319
-3786
-1135
-610
-1757
-4006
-2097
-772
-4584
2529
-121
-1281
3117
4949
4932
4294
-411
1602
4126
3465
1357
2043
-2547
3284
3856
-3711
2835
2254
4132
-1205
-3037
-2571
-2526
1991
-3914
1712
-4710
-2770
-2207
4187
-1979
 264
3945
 -10
1646
-562
4664
2297
4112
-2943
-4857
4414
-1510
2703
4866
-1056
-4996
2102
 259
-3550
-503
-3086
1594
4005
2913
-2306
4976
-2129
2272
3580
  96
3912
 693
2629
-4778
2850
-3881
1491
-252
4517
-4424
1371
2431
-4352
-4763
1293
3701
-2505
3662
-4001
2229
-552
1422
-2234
 194
1188
-3552
3933
2331
4795
3010
2333
 420
-2162
2451
1099
1360
 621
4996
2447
-4933
-2015
-4766
-1184
-1117
-3961
-4207
4955
3113
3204
 307
-4204
4908
-4027
-3854
 970
1471
1990
4506
1141
-1239
-4775
-4585
-3599
-230
 403
-4711
3301
-2553
3391
-2486
2657
-2083
-4581
-1793
-938
-3067
3596
-4482
 514
1503
-1548
-2728
 189
-2967
4898
3439
 159
-4179
-1470
4922
 408
-1155
 389
-1867
1810
1759
4821
3473
1254
-1175
1643
4593
-3701
-4935
-1730
-647
-4533
-3567
 155
-4473
-2581
-3040
-179
-4259
1978
-2315
-2275
-2108
-4036
-4057
-3217
 680
-1611
3993
-1873
-2803
4272
-137
-494
3089
3062
3187
-1204
 149
1595
 448
2234
3671
3360
-4018
3973
1109
1492
-3028
-4411
-3638
 865
1943
-2019
  21
-3127
-4048
3015
-3826
-4374
-4005
-2102
3810
1883
 243
3226
-638
2395
 438
-4837
-1775
-1196
4309
-4639
-401
-4793
1337
-910
-2925
1014
-2575
-4211
-120
2530
4333
-2257
 417
 905
-1163
-1959
 912
4442
 675
4072
2816
  -6
-4052
 489
-4364
4039
-4883
3148
4173
-2930
 260
4111
4630
 363
-3601
1192
-3181
1291
-545
-4221
2581
-4979
1298
-2213
2114
-2954
-2735
2438
-4796
-4127
3917
 -58
1259
 346
4859
-2266
-307
1845
-4233
-2834
1722
3516
4703
2342
-1062
1664
-3669
-4285
-3370
4986
4293
 811
-274
3242
2481
4156
4369
-3214
4934
2219
2092
-3673
 592
  76
-3869
 870
 195
-2955
-3595
2721
2445
 871
-659
-2614
1924
-3388
2135
-4054
2401
-3053
-1770
1234
-1270
-1555
-3262
-3488
2506
-3912
1294
-3247
-4864
1763
2634
2380
3254
-2341
4191
-1496
3843
4117
-2262
-3848
2803
-4800
1440
 595
-4386
-1258
 232
3039
1204
-4830
2666
4472
2789
-1697
-1139
4020
4618
4528
1251
3241
-3592
-2332
-1313
4892
2361
 868
-233
1369
3672
4139
1472
-3057
-841
-4685
4477
-944
-2637
4244
4387
-2323
-1857
-2544
-3688
 890
1768
-2363
-1766
2462
 522
-3506
4292
-4498
-4227
 237
-1078
2499
-4909
-1956
2967
-2191
-324
3543
3343
-1309
-639
-2532
-1461
4847
-2344
4930
 697
4486
3811
4025
2960
3243
-827
-3391
4913
-4586
4402
-2832
-1284
4974
-3249
-3764
1757
 -29
-231
4692
-669
4558
-4741
4891
-2540
-2005
 858
2185
2689
-4992
2501
1906
 368
-907
 169
1094
-2246
-3096
-963
1908
-1667
3057
1018
2149
2743
2890
-3012
2833
1305
1455
4229
4721
-895
4267
-2907
3184
4348
-661
-2680
2305
-300
4958
3919
-4444
1760
-2140
4894
1142
 -30
 276
-2376
1762
-2250
-2818
-272
-293
4228
 670
-3722
-515
2460
-4241
-2677
-2765
-2629
-4160
2025
-2989
-3468
3887
-3670
3510
1346
-476
4013
-4262
-1072
-3664
-4246
2705
 662
-2712
1848
2585
1886
1120
-1487
-2982
-3588
2908
-2023
1878
2861
-487
-744
2558
1150
1208
4180
1372
2010
-3400
3179
-1232
-2453
4198
4087
1470
-1920
 437
1666
-2754
4027
3614
1279
4058
2842
-479
3340
1093
-3010
4915
 990
-2461
-2319
-1727
-3213
 413
3680
1698
-1731
-4429
4516
2251
-3751
-3375
2194
2070
-2155
3112
-2772
-3697
 660
3802
3946
3721
-1324
-3703
-3019
-4089
3476
-4790
  73
-1829
 689
-2383
-1982
-2699
-1073
-4912
1785
 719
-4300
-879
2051
-4022
-2451
3715
4895
 656
-2085
1201
-3782
3438
-4396
2458
 308
-3075
-2103
-4277
-1295
-1671
4279
 221
-1728
1326
-3621
-991
2294
1012
1114
-1887
-3368
2171
-700
-1798
 355
-1758
4519
3552
-228
1474
-1927
1156
-1931
-1466
-3462
2214
3679
-105
-2072
-623
-699
-322
-1406
 849
-755
-2658
-3329
3206
-1865
-3495
4152
2170
-1459
-2042
3153
4259
-4110
-1530
 121
-4443
3957
-2671
-2474
4527
-3088
-3144
-1753
2771
-414
-1027
-4118
1025
4682
-1972
3895
-1792
1436
-2472
4051
2767
4557
-3364
3659
-2876
3970
2222
1034
4410
-2263
2730
-2278
2403
 872
-4777
-1432
 952
3023
-2482
-2369
-2065
4551
-767
4298
-4480
-4078
  30
-2662
2150
4273
4727
-636
-3029
2046
-222
3642
1118
-2001
-3894
-4715
-2549
4831
4587
-3108
-4610
-3280
4772
1986
1098
-3985
4676
3165
1137
3200
-4929
-2484
-945
2032
1773
4963
-2996
1867
2649
-2653
-2558
 929
-2752
1194
 717
3474
  75
-3735
3809
-1682
-843
3325
2931
1635
-4887
-2443
4633
-4896
 544
-1925
4413
-4409
-1360
-4915
-1786
-2050
-4266
-323
2217
-4226
-2035
-3731
-3856
1796
 771
-4981
-1174
 340
-4901
-3469
1240
-787
-1341
-4844
-100
 498
3021
3496
-2134
-3684
-2052
-156
1711
-786
-4810
4115
3884
2500
 471
-354
4902
-2068
4954
-3654
4538
3420
3780
-2580
-3286
1775
-3622
3044
-1859
4690
-208
1601
-1042
-2249
1584
-2736
2571
-4661
 971
2807
3644
-4528
-2221
-4789
-4468
-4228
-412
2052
-902
-1160
 765
2369
-635
-2897
4093
-4449
2007
2990
1831
-4580
 139
-3483
1103
-2883
 611
-4347
 688
4520
-4436
4274
 445
-4728
1650
2452
-2018
-2957
-3718
2514
-1300
-3964
-1610
1039
-796
-4882
1630
-3314
 190
-1562
-3201
2062
4931
-4478
2586
-2719
2745
-4487
-3135
2006
 774
 235
4354
 -90
4649
2049
-1144
2065
-3951
-3989
-4463
1459
-2314
1737
-1221
3916
1520
-792
2119
-1093
-3861
3533
-3421
2091
3682
1450
-1034
-1507
 832
-425
2456
-1654
-1752
 893
-4273
4282
-1167
-893
-1788
-673
-2908
2872
-2864
-3689
1483
-2123
-2058
4842
3409
-3773
-505
 112
-3997
-4499
-1289
1216
-3373
-3714
 773
1064
-2084
-296
-2911
-4821
2997
-1599
-1708
  -3
 -61
-4495
-3369
-3597
-4193
-1661
-4189
1561
1352
-4949
-3699
-2420
2111
-3504
4609
2508
4456
3879
3959
2026
3237
-761
2615
-4080
1504
2974
3885
-4223
  16
-2622
2200
4085
1778
3886
-2624
2280
1359
1890
2220
-1456
1937
3123
-3023
-4242
-4172
-2214
1055
1343
-3100
4291
4589
-4540
 -75
 965
-2690
4625
4417
-477
4056
-655
2066
-1608
 999
2596
-555
-469
-1854
-2045
 644
-853
1705
 218
-1162
-508
1687
2791
-751
4403
-4302
 648
-946
2720
1770
-3882
-3581
3079
1236
 -54
2211
-2236
2882
-4920
2654
4672
3312
-2105
-2422
-4785
3459
1225
-1325
 225
-2161
-4530
-4621
-2111
3131
1051
4532
-4205
-3755
4404
2298
1232
1376
1231
3174
 412
-586
-1958
-192
-340
4047
1419
2267
3616
-2520
 213
-4918
-644
3745
-821
 -84
3880
  85
-3090
 933
1333
-2902
-1367
2580
4011
1741
-124
1996
4580
-3059
4659
3357
-3846
-846
-3780
-2163
-2063
-4922
-4096
4325
 882
-2722
 851
4250
   9
-1537
2758
2855
-2366
4867
-754
4663
-4906
-117
3849
-706
-2990
-3134
3571
-1739
1980
 560
4137
-4030
-715
3737
1752
-2987
-1302
4219
-781
 431
-2380
-1014
2444
-1008
-4063
4356
4863
2598
4952
1272
3903
2335
-1482
-1055
4490
-3307
4201
 517
-3496
-2288
-960
4646
-2476
2163
4629
2736
-2211
 602
-4484
-4121
2068
-4051
 988
-1803
 407
3587
3777
-1159
 998
-187
3861
1793
4314
-3838
-2565
-1860
 559
-2777
-649
-3365
-4433
4697
3530
2030
-2630
1903
3366
3017
-743
-4216
3208
 989
4256
 812
1885
3461
-4691
-810
-3531
-579
4508
-925
-190
-1201
2440
-4923
-4144
-3533
3456
 394
-3716
 627
4790
 493
-2172
-497
2100
 -91
-692
-1280
-374
2347
 615
-3793
-3602
 617
1016
-3781
-3020
1058
1872
3911
-3789
-4937
1277
4601
3076
-3159
 455
-2517
-2538
 843
 217
-2279
2831
1207
-1133
2847
-2329
2938
-1195
-2452
-2094
-2589
-1038
-731
-1049
-694
-525
-1573
-317
2306
-4494
4796
1700
-3825
1367
 612
3828
4461
-163
-4877
-3384
2147
 418
-1623
-4967
-3706
-4141
3619
3012
1449
-3521
 789
1787
2614
-1782
-575
-2101
2985
-2061
 827
2631
-144
 807
-305
 319
3100
-2202
1347
-3198
-1390
 985
-3896
-4070
-2980
-1733
 290
-3986
-3039
-2187
-2149
-2799
2502
-1687
-1427
-3843
1220
-1085
4797
4645
 569
-2478
-1817
3219
4262
1881
 966
4327
-1582
-3095
-3484
2948
2618
4851
1952
-2492
1576
3282
3198
4035
2195
 453
3396
-1606
-4835
2885
2364
-1003
-3784
3891
2892
2182
-3987
-2796
-3612
3362
-4986
-1118
3098
-4893
-3498
-1561
2105
2491
4251
2981
-1980
-877
-1463
 978
4534
-3300
-884
2780
4103
-3509
3479
1960
4962
-2938
-3733
4687
 725
-4133
 410
2911
-3005
-1240
 873
-2626
4269
-2309
-1393
4916
-1986
4850
-4765
-3850
2343
-4086
2156
-3870
-4410
-1614
-1863
3259
-441
4067
4665
-258
3431
-4894
1814
4214
 -52
3938
1731
-1872
-3750
-3743
-2831
-4760
-1897
4775
-4956
-1351
-3308
4670
-3876
-2786
2889
-2513
-1061
 352
-1963
1857
-1868
-1939
  43
-4954
-4196
-1938
 242
4905
2507
2130
4183
 833
2123
-1646
2326
-1345
1833
1442
-4718
  39
-3822
-2572
2747
1301
-2164
2353
3668
1620
1490
1336
3615
2497
-2264
4129
-2720
3032
1563
-4739
-1488
-3817
2489
-2169
3710
-4391
 545
-2844
3270
-3984
-2046
1181
3384
3482
2587
-543
 605
-2605
-1294
-229
-3981
-3956
-1182
 436
4408
1651
1230
-2390
4034
-3916
-961
-362
 200
-4021
-887
4138
1933
-445
1535
-3674
1788
-1567
1634
-4209
4738
-953
-3609
-1455
-3367
4239
3475
4077
2523
-2361
-3449
-3491
-210
1519
4178
 667
-2855
-280
-329
4798
3896
  99
3769
-691
3150
5000
-3949
-3452
2085
-848
-2596
-4817
3053
1169
-1754
4904
-874
-4875
-3742
1197
-116
-1659
-2769
-1634
 505
-2530
-3630
1004
1349
-1400
3106
-726
-3223
-1525
2933
-3720
 456
-2230
1271
-3719
1176
1574
-2952
-357
-4425
 468
1446
-4180
-2838
-825
-2268
2760
 449
-2868
4597
-126
-2872
3489
3097
-2749
4053
-2426
-871
 784
-3321
-3975
1296
-852
 199
2643
2124
4991
-3572
 716
2408
4855
1042
-597
 153
2568
-3873
1639
2483
3218
-1699
-1104
4982
-2198
-4312
 796
-1690
-113
-4264
-3928
-1734
2175
-3404
-417
-2032
-3772
1246
-4762
 960
2314
 679
-1165
2363
1060
2322
3115
-4251
-2755
-2561
2725
-1909
4769
-1820
4819
3141
-595
-582
-4921
-3907
-2698
-992
3383
-1136
-3006
-670
2263
-1481
-4471
 432
3276
-2064
3774
 359
-782
 636
-398
-338
-728
1655
-4553
1729
-742
-1150
-1339
-217
-1921
-1310
1081
4533
-1647
-4513
-2388
-738
-2403
4583
-1724
1598
-2410
-2037
3492
-1076
1309
1460
 -42
2742
-2546
-1447
4739
-2924
1416
-1932
-2914
-3971
-2365
4840
3094
-3422
 168
-3560
1856
3214
-4338
2824
-3640
-1732
-3668
4202
-3851
-1410
-2814
-1405
  77
3308
-4890
-1200
-805
-3759
3575
 312
4777
 336
-292
-4560
-2152
-266
2269
3370
-2950
4802
1354
3583
-2254
-3050
-3665
2023
-2311
-4590
-3756
 637
-4678
 -12
-1522
-1419
1238
3092
2415
-2795
-3323
-2440
2727
4579
-3331
-327
-4932
2863
 813
-547
-1658
1427
 803
-1321
-3466
-1292
-1723
-3434
2341
3104
4857
4148
 366
-833
3702
 641
-3237
-3104
1649
3137
-4627
-2350
 930
4920
-686
-4904
-1717
-1128
2201
-3895
3222
4232
1690
-3230
-1929
-3960
-1665
-4879
2540
-286
1743
  37
-1025
 515
-856
-4597
4352
-4288
-2223
-3652
4412
1134
-4414
1753
4817
3177
-2033
2349
 776
 282
 672
-4326
2377
-384
1362
 649
1036
-2436
-1691
-3081
-4871
-3151
2432
-1379
-2186
1979
 174
2404
 953
-1780
1764
-467
1802
1723
-4094
-2715
4401
4502
1959
-2852
-4704
2242
-2360
-3647
-721
-4754
-3586
-2881
-3775
2521
-2153
4362
-205
-2317
-2078
4158
-1937
1861
-4256
-1737
-3232
2449
2706
-2674
-1312
-1323
-464
-1976
-663
-578
1038
1715
4079
-1519
2356
2313
  91
-2591
-3002
4237
-3455
-3852
-3118
-652
4716
-1445
 934
 428
1603
-4149
-3347
-2586
-1130
-2733
-4008
-1545
2528
 496
2008
3105
-1716
-1352
-2829
-4213
-3116
3738
1628
4476
-2666
1653
-3007
1111
-990
4140
 748
-3255
1053
3586
3758
1966
4906
2945
4726
-3941
-4331
-3044
-1066
-740
-4794
-3934
-2040
 -13
-819
1612
2327
-2609
3733
-4175
-1035
-3459
-2670
-377
1266
 125
-3542
1380
-4237
4144
4391
-1142
 913
2516
-215
-3222
-3278
1429
1391
-2284
-276
 491
3084
4983
-1783
 329
4422
-811
 106
3748
3322
 542
2289
 850
-3239
1868
4756
-1626
4869
4511
4089
2746
-4431
-1369
-850
-3955
1893
3539
 664
-1444
3975
-2958
-2011
4421
 533
-620
4276
3858
2126
-2976
3667
4014
-674
-4686
-4618
-453
-2791
-4782
-4737
-1365
2079
-2464
 877
-980
2164
1356
-868
4277
-1613
-3771
-3600
-725
1828
-2640
 753
2080
2687
 547
3054
-1597
-994
  48
-270
-594
 761
-4725
-4825
-4203
3363
-1890
-3729
1280
2626
-1253
4355
-4845
1378
3971
-3274
-2229
2694
1047
4836
3480
-967
2109
-2604
-918
-4609
-4405
4174
-2975
-2316
-627
1444
2947
-4589
2887
1431
1154
-2416
1551
1997
-247
4026
4120
1059
2281
1746
4998
-4748
-279
-2089
-3003
3850
-3164
4879
-2364
2060
-1132
1771
-3709
-651
 388
 433
4212
 859
1395
-2320
-2694
-1823
 824
 908
-1677
2227
3813
-439
3267
-1664
-1524
-642
-1457
1083
 635
-4158
-294
2785
-4660
1480
4192
4142
1319
1926
2372
-775
4255
-4295
-4626
1688
3350
-1439
2436
4102
-2044
-756
-4889
-1179
2814
-3233
1935
-4150
-2356
1386
-2641
2160
-1465
-234
-964
4620
   3
2655
4621
-4091
3381
 814
-1354
3507
3700
-1011
 427
-3486
-2607
-1477
-4522
-2485
3787
2116
-3379
-2536
1026
 766
4390
1961
 335
2552
4427
2248
1539
-3879
-1604
1394
1365
1402
-4607
1072
1892
4243
-3815
 760
-1916
2332
-4441
-4383
4082
2841
4801
 305
3463
-2417
-470
 -59
 247
3524
 -53
-4667
-427
2417
2167
-4759
 902
1882
-3993
-4873
 630
 695
-3305
-2664
-3080
1998
-1983
1062
1335
4647
-3374
1011
-111
-2189
4735
1962
-4069
1538
-3679
4310
 826
-4701
-4055
2131
-4092
-1987
-956
-3463
-2219
 613
-2305
1239
2003
-4592
-4306
3416
-3749
3645
 342
-4851
2245
-3837
4489
-3109
2034
 -76
-4132
-3811
4235
1727
-3494
3203
-3913
4492
-619
-1241
-4322
 157
-302
-3410
-2986
-311
-2104
4539
1400
-712
4768
3755
-1376
-2269
1999
-4378
3494
3109
-4744
3454
-2062
-2031
2704
2284
-2610
-3051
-1509
-3700
2879
-4162
2252
-4505
-2371
1425
1592
-3319
-4039
3342
3952
 379
-211
-1499
-1151
1464
-3785
-527
4211
-705
3783
-3790
-3959
4660
-2003
-2060
-4541
-1725
3372
-2763
2410
4305
 815
1067
2663
-1485
4887
 429
4435
-4811
-4490
-3979
3272
4695
-3481
2932
2784
-1039
-999
-535
-3188
2316
3821
-1285
3628
2366
 446
-3415
  24
-2252
4572
-2141
2873
-375
-2746
-880
-4453
4971
1218
-1297
2511
1286
-465
-4753
2352
-4033
1007
1537
-4225
-1443
-3244
 624
4299
1297
3300
-3708
-1010
-493
-4658
-1785
1377
 757
3036
-3453
-2212
  17
2412
 219
 258
-1861
-3432
2154
 462
 126
4375
 987
-778
-1244
-2696
2275
-4195
-1847
-3016
3320
4832
-1089
4478
-1977
-1226
-3316
 878
-2468
4344
-2136
4382
-4061
-962
-1342
-429
2209
-448
1285
-1577
2086
1565
-919
1525
-1040
-4546
-1111
-3938
4897
-2873
-420
-128
-4523
2127
3708
4743
-212
-1762
2690
 241
 801
-268
-1502
-1157
-4731
1983
-520
-941
4161
3221
-1472
4765
3547
4541
-854
-397
-337
 805
2702
4789
-2014
1977
3698
  59
-486
2763
-2579
-201
-2490
-4438
-2961
-1891
-1451
1560
4168
-975
2878
2487
1875
3870
4290
1131
1820
3838
-2567
4501
-3604
-1438
-4693
-2729
-2740
2754
-4515
 502
-2354
  50
3326
-326
 777
-1996
-4020
-2087
4155
1264
-861
-4073
-2282
-507
-4688
-4829
2340
4724
2602
1316
-3008
-2506
-3334
-510
-4939
2205
 619
-3875
 478
-4154
3130
-3543
 281
-232
3029
-3686
 917
3929
1865
3966
-568
-2425
-4334
-2554
-1222
1825
-680
-388
3989
-2705
-4566
3252
1021
3714
 977
-1990
-328
4124
-4727
-3056
2274
1965
-528
 240
-4170
 906
1320
-3094
3893
4231
 -32
-3830
-2782
-221
-2846
2849
-3910
2778
3377
-1670
 239
-2174
 577
-1350
-1637
-1395
-2865
-1370
 133
 579
-1381
-4313
2641
-3357
2701
-3671
3330
-4366
2545
2944
-952
-4145
-765
 212
-2502
-585
1495
3231
 770
1210
-4913
3273
   8
 164
3697
3726
3351
-1247
3793
2805
-3297
2258
1900
4049
-2665
2084
3236
  20
-2082
 326
-3804
3244
4875
-4557
-3653
4924
2768
3027
-2929
-737
-4016
-2310
-281
-462
2469
4744
4522
2093
-1729
2151
-2840
1334
-988
-808
4431
-3803
4048
4462
-3632
 967
 166
 779
-2595
4249
-3548
-1016
-4721
4764
4203
-2070
3513
-3672
-4508
-2450
3303
4786
-495
4455
 527
4731
-1082
2788
1835
 503
4281
-3192
1858
-1742
-173
-1669
-1147
-2933
-4417
-2321
-4367
-3267
4499
3511
-3539
3217
 797
-3505
4084
-1603
-1718
-736
-4244
3622
-1283
3716
2548
-2499
-2491
4068
-897
3934
-2760
4064
1734
 975
-1311
-1041
-1022
 -17
-1355
4070
3761
3631
-3662
3225
-3448
-732
-3335
-3099
-1635
-104
3985
3317
3183
-995
-3359
-947
 499
-2507
-4459
2104
2279
-2716
 486
-3180
3397
2155
4578
-3707
1350
-4646
3778
4825
2893
-2133
-1473
1050
-2827
-4834
4101
-3915
3140
1168
  57
-3763
3163
4317
3955
-1308
 285
1974
 338
-3659
-1759
4028
3585
3866
1616
3176
-875
3883
-4833
 147
1851
-309
-4037
4546
-1535
-3778
3982
-4303
 386
-3639
3432
-4803
1306
  51
1638
-2761
-490
3987
-3829
2659
1934
1152
-2124
-4017
-3717
1054
-1871
-4071
-1866
1860
2567
-3064
 -69
1556
1031
-4995
2505
 674
-3806
3636
-1263
 603
3142
4864
2216
-3089
2405
-1137
-1542
-955
-2687
4213
-2981
-972
-386
-1018
-2143
1843
-3983
1889
-148
3518
 756
1253
-3004
-2860
2962
-1895
 531
-2890
 963
-3513
-3128
4553
4153
 347
-1943
-3246
-3272
-2959
-3578
1945
-3737
 176
2484
1540
-4547
-297
3008
1817
2368
 809
4366
2600
  -8
-3313
4280
 733
-1837
-3693
4575
2637
4179
-1950
2827
-2259
-1655
1313
1101
4376
-2783
1909
4919
1424
 175
-3608
-4217
4303
4098
3162
3478
-4156
2656
2190
-2298
-1450
4336
-3326
-2679
3007
3812
-2748
-3704
-2411
-2891
 -57
-4746
 896
-4390
-903
4921
-613
-881
3077
2179
3508
-4358
1433
-2331
-1534
-1120
4257
3542
-4820
4710
-2128
3211
-2871
1558
-165
 314
4196
-769
-3275
1613
-245
-2027
4594
-2322
-3710
 -51
-2293
3826
-541
-806
-617
3429
-2707
-3205
-4717
-2901
-710
-290
-1653
4081
  61
-1652
-1978
4090
-4361
-531
-2895
2750
-4222
-519
3065
 377
-2879
-1740
-249
-197
-1387
3650
 322
-554
-916
-2657
-2205
-3642
-3152
-4861
4342
3899
-3429
-4291
2609
-3499
2148
-4447
-1883
-826
-4194
-4197
3168
-730
-2267
 -47
2886
1621
 -33
-1918
4816
 -62
-3235
1726
 677
-4166
1577
-4440
1206
-2928
-130
-4936
4800
1585
-2159
-438
-299
2373
1627
3935
3926
-4872
1647
3924
-3634
-2756
1441
-4859
 816
3798
4253
-3228
-3234
2176
3035
1517
-3354
-4938
-141
-3901
 754
2564
-2428
 459
3865
-4148
-1896
3417
 879
1307
-4700
-2794
2531
2577
1993
-1756
-2074
4804
1730
-1191
3980
-4392
-168
2957
-1586
1252
-1363
 507
-4874
4052
4610
1030
-2951
-3667
2686
2709
3794
-3304
-3204
-2429
-2132
-1032
-4772
2453
3469
1745
-474
-3310
-4485
1841
2268
-654
-4060
-3076
4057
2519
3182
-3962
2473
1901
-4134
-813
-901
2315
 548
-915
2098
-2002
 291
-2384
 792
2556
2204
-3593
 233
 931
2636
-526
-2773
-2043
-489
-2617
 686
-695
-1951
 316
-3807
-1173
-4187
 759
3863
 154
3736
4457
-2483
4444
1032
4359
-2837
2509
 295
-2816
-3132
4591
-4752
4033
-4719
-3324
-3220
